1280 
1360 
1440 
1520 
2880 
2960 
3040 
3120 
1281 
1361 
1441 
1521 
2881 
2961 
3041 
3121 
0 
80 
160 
240 
320 
400 
480 
560 
640 
720 
800 
880 
1282 
1362 
1442 
1522 
1600 
1680 
1760 
1840 
1920 
2000 
2080 
2160 
2240 
2320 
2400 
2480 
2882 
2962 
3042 
3122 
2883 
2963 
3043 
3123 
960 
1040 
1120 
1200 
2560 
2640 
2720 
2800 
2884 
2964 
3044 
3124 
961 
1041 
1121 
1201 
2561 
2641 
2721 
2801 
2885 
2965 
3045 
3125 
3046 
3126 
3047 
3127 
2888 
2968 
3048 
3128 
3049 
3129 
2566 
2646 
2726 
2806 
3050 
3130 
2089 
2567 
2647 
2727 
2807 
3051 
3131 
2568 
2648 
2728 
2808 
3052 
3132 
11 
2171 
2569 
2649 
2729 
2809 
3053 
3133 
3054 
3134 
1211 
3055 
3135 
2094 
3056 
3136 
1695 
3057 
3137 
2898 
2978 
3058 
3138 
3059 
3139 
3060 
3140 
2657 
3061 
3141 
20 
100 
180 
260 
340 
420 
500 
580 
660 
740 
820 
900 
3062 
3142 
21 
101 
181 
261 
341 
421 
501 
581 
661 
741 
821 
901 
3063 
3143 
22 
102 
182 
262 
342 
422 
502 
582 
662 
742 
822 
902 
3064 
3144 
23 
103 
183 
263 
343 
423 
503 
583 
663 
743 
823 
903 
981 
1061 
1141 
1221 
3065 
3145 
1704 
2906 
2986 
3066 
3146 
2907 
2987 
3067 
3147 
2908 
2988 
3068 
3148 
2267 
2507 
2909 
2989 
3069 
3149 
2108 
2188 
3070 
3150 
3071 
3151 
3072 
3152 
1473 
1711 
2431 
3073 
3153 
912 
2590 
2670 
2750 
2830 
3074 
3154 
2591 
2671 
2751 
2831 
3075 
3155 
2592 
2672 
2752 
2832 
3076 
3156 
35 
2593 
2673 
2753 
2833 
3077 
3157 
36 
116 
196 
1636 
1716 
1796 
1876 
2036 
2196 
2356 
2516 
3078 
3158 
1637 
1717 
1797 
1877 
1957 
2037 
2117 
2197 
2277 
2357 
2437 
2517 
3079 
3159 
1638 
1718 
1798 
1878 
1958 
2038 
2118 
2198 
2278 
2358 
2438 
2518 
3080 
3160 
839 
1077 
1639 
1719 
1799 
1879 
1959 
2039 
2119 
2199 
2279 
2359 
2439 
2519 
3081 
3161 
1640 
1800 
1960 
2120 
2280 
2440 
2922 
3002 
3082 
3162 
2923 
3003 
3083 
3163 
2924 
3004 
3084 
3164 
2925 
3005 
3085 
3165 
3086 
3166 
3087 
3167 
3088 
3168 
3089 
3169 
1006 
1086 
1166 
1246 
1330 
1410 
1490 
1570 
2606 
2686 
2766 
2846 
3090 
3170 
1007 
1087 
1167 
1247 
1331 
1411 
1491 
1571 
2607 
2687 
2767 
2847 
3091 
3171 
1008 
1088 
1168 
1248 
1332 
1412 
1492 
1572 
2608 
2688 
2768 
2848 
3092 
3172 
1009 
1089 
1169 
1249 
1333 
1413 
1493 
1573 
2609 
2689 
2769 
2849 
3093 
3173 
2770 
2850 
2934 
3094 
3174 
3095 
3175 
3096 
3176 
1655 
1735 
1815 
1895 
1975 
2055 
2135 
2215 
2295 
2375 
2455 
2535 
3097 
3177 
1014 
1094 
1174 
1254 
1338 
1418 
1498 
1578 
3098 
3178 
1015 
1095 
1175 
1255 
1339 
1419 
1499 
1579 
3099 
3179 
1016 
1096 
1176 
1256 
1340 
1420 
1500 
1580 
3100 
3180 
139 
219 
379 
699 
1017 
1097 
1177 
1257 
1341 
1421 
1501 
1581 
3101 
3181 
1660 
1740 
1820 
1900 
1980 
2060 
2140 
2220 
2300 
2380 
2460 
2540 
3102 
3182 
1661 
1741 
1821 
1901 
1981 
2061 
2141 
2221 
2301 
2381 
2461 
2541 
2859 
3103 
3183 
1662 
1742 
1822 
1902 
1982 
2062 
2142 
2222 
2302 
2382 
2462 
2542 
3104 
3184 
1663 
1743 
1823 
1903 
1983 
2063 
2143 
2223 
2303 
2383 
2463 
2543 
3105 
3185 
624 
1664 
1824 
1984 
2144 
2304 
2464 
2946 
3026 
3106 
3186 
2947 
3027 
3107 
3187 
1184 
2948 
3028 
3108 
3188 
1907 
2949 
3029 
3109 
3189 
628 
708 
1026 
1106 
1186 
1266 
1350 
1430 
1510 
1590 
3110 
3190 
1027 
1107 
1187 
1267 
1351 
1431 
1511 
1591 
3111 
3191 
1028 
1108 
1188 
1268 
1352 
1432 
1512 
1592 
3112 
3192 
1029 
1109 
1189 
1269 
1353 
1433 
1513 
1593 
3113 
3193 
2630 
2710 
2790 
2870 
2954 
3034 
3114 
3194 
2631 
2711 
2791 
2871 
2955 
3035 
3115 
3195 
2632 
2712 
2792 
2872 
2956 
3036 
3116 
3196 
2633 
2713 
2793 
2873 
2957 
3037 
3117 
3197 
1358 
1438 
1518 
1598 
1676 
1756 
1836 
1916 
1996 
2076 
2156 
2236 
2316 
2396 
2476 
2556 
2958 
3038 
3118 
3198 
1035 
1115 
1195 
1275 
1359 
1439 
1519 
1599 
1677 
1757 
1837 
1917 
1997 
2077 
2157 
2237 
2317 
2397 
2477 
2557 
2959 
3039 
3119 
3199 
1036 
1116 
1196 
1276 
1678 
1758 
1838 
1918 
1998 
2078 
2158 
2238 
2318 
2398 
2478 
2558 
1037 
1117 
1197 
1277 
1679 
1759 
1839 
1919 
1999 
2079 
2159 
2239 
2319 
2399 
2479 
2559 
2637 
2717 
2797 
2877 
1038 
1118 
1198 
1278 
2638 
2718 
2798 
2878 
1039 
1119 
1199 
1279 
2639 
2719 
2799 
2879 
7360 
7440 
7520 
7600 
8960 
9040 
9120 
9200 
7361 
7441 
7521 
7601 
8961 
9041 
9121 
9201 
6400 
6480 
6560 
6640 
6720 
6800 
6880 
6960 
7040 
7120 
7200 
7280 
7362 
7442 
7522 
7602 
8000 
8080 
8160 
8240 
8320 
8400 
8480 
8560 
8640 
8720 
8800 
8880 
8962 
9042 
9122 
9202 
7680 
7760 
7840 
7920 
9280 
9360 
9440 
9520 
7681 
7761 
7841 
7921 
9281 
9361 
9441 
9521 
8484 
8966 
9046 
9126 
9206 
9282 
9362 
9442 
9522 
6725 
8967 
9047 
9127 
9207 
9283 
9363 
9443 
9523 
6406 
6486 
6566 
8968 
9048 
9128 
9208 
9284 
9364 
9444 
9524 
8969 
9049 
9129 
9209 
9285 
9365 
9445 
9525 
9366 
9446 
9526 
7847 
7927 
9447 
9527 
9288 
9368 
9448 
9528 
7769 
7929 
9449 
9529 
8652 
9450 
9530 
9451 
9531 
9452 
9532 
9453 
9533 
8978 
9454 
9534 
9455 
9535 
9456 
9536 
9457 
9537 
6420 
6500 
6580 
6660 
6740 
6820 
6900 
6980 
7060 
7140 
7220 
7300 
9458 
9538 
6421 
6501 
6581 
6661 
6741 
6821 
6901 
6981 
7061 
7141 
7221 
7301 
9459 
9539 
6422 
6502 
6582 
6662 
6742 
6822 
6902 
6982 
7062 
7142 
7222 
7302 
9460 
9540 
6423 
6503 
6583 
6663 
6743 
6823 
6903 
6983 
7063 
7143 
7223 
7303 
9461 
9541 
9462 
9542 
6505 
6585 
6665 
6745 
6825 
6905 
6985 
9463 
9543 
8746 
9464 
9544 
9465 
9545 
8990 
9070 
9150 
9230 
9306 
9386 
9466 
9546 
8991 
9071 
9151 
9231 
9307 
9387 
9467 
9547 
8992 
9072 
9152 
9232 
9308 
9388 
9468 
9548 
7709 
8993 
9073 
9153 
9233 
9309 
9389 
9469 
9549 
9470 
9550 
9471 
9551 
9472 
9552 
9473 
9553 
8116 
8276 
8436 
8596 
8756 
8916 
9314 
9474 
9554 
8037 
8117 
8197 
8277 
8357 
8437 
8517 
8597 
8677 
8757 
8837 
8917 
9475 
9555 
8038 
8118 
8198 
8278 
8358 
8438 
8518 
8598 
8678 
8758 
8838 
8918 
9396 
9476 
9556 
8039 
8119 
8199 
8279 
8359 
8439 
8519 
8599 
8679 
8759 
8839 
8919 
9477 
9557 
8040 
8200 
8360 
8520 
8680 
8840 
9478 
9558 
9479 
9559 
9480 
9560 
9481 
9561 
6924 
7406 
7486 
7566 
7646 
8684 
9006 
9086 
9166 
9246 
9322 
9402 
9482 
9562 
7407 
7487 
7567 
7647 
9007 
9087 
9167 
9247 
9323 
9403 
9483 
9563 
7408 
7488 
7568 
7648 
9008 
9088 
9168 
9248 
9324 
9404 
9484 
9564 
7409 
7489 
7569 
7649 
9009 
9089 
9169 
9249 
9325 
9405 
9485 
9565 
7726 
9326 
9406 
9486 
9566 
9487 
9567 
9488 
9568 
7413 
7729 
7809 
9489 
9569 
7414 
7494 
7574 
7654 
7730 
7810 
7890 
7970 
9490 
9570 
7415 
7495 
7575 
7655 
7731 
7811 
7891 
7971 
9491 
9571 
7416 
7496 
7576 
7656 
7732 
7812 
7892 
7972 
9492 
9572 
7417 
7497 
7577 
7657 
7733 
7813 
7893 
7973 
9493 
9573 
9334 
9494 
9574 
9495 
9575 
7816 
9496 
9576 
9497 
9577 
7738 
7818 
7898 
7978 
8060 
8140 
8220 
8300 
8380 
8460 
8540 
8620 
8700 
8780 
8860 
8940 
9498 
9578 
7739 
7819 
7899 
7979 
8061 
8141 
8221 
8301 
8381 
8461 
8541 
8621 
8701 
8781 
8861 
8941 
9499 
9579 
7740 
7820 
7900 
7980 
8062 
8142 
8222 
8302 
8382 
8462 
8542 
8622 
8702 
8782 
8862 
8942 
9500 
9580 
7741 
7821 
7901 
7981 
8063 
8143 
8223 
8303 
8383 
8463 
8543 
8623 
8703 
8783 
8863 
8943 
9501 
9581 
7426 
7506 
7586 
7666 
8064 
8224 
8384 
8544 
8704 
8864 
9502 
9582 
7427 
7507 
7587 
7667 
9027 
9503 
9583 
7428 
7508 
7588 
7668 
9268 
9504 
9584 
6867 
6947 
7429 
7509 
7589 
7669 
9505 
9585 
9030 
9110 
9190 
9270 
9346 
9426 
9506 
9586 
9031 
9111 
9191 
9271 
9347 
9427 
9507 
9587 
9032 
9112 
9192 
9272 
9348 
9428 
9508 
9588 
9033 
9113 
9193 
9273 
9349 
9429 
9509 
9589 
6472 
6792 
7112 
7434 
7750 
7830 
7910 
7990 
8072 
8392 
8712 
9034 
9350 
9510 
9590 
7435 
7515 
7595 
7675 
7751 
7831 
7911 
7991 
9511 
9591 
7436 
7516 
7596 
7676 
7752 
7832 
7912 
7992 
9512 
9592 
7437 
7517 
7597 
7677 
7753 
7833 
7913 
7993 
9513 
9593 
6476 
7438 
7518 
7598 
7678 
8076 
8156 
8236 
8316 
8396 
8476 
8556 
8636 
8716 
8796 
8876 
8956 
9038 
9118 
9198 
9278 
9354 
9434 
9514 
9594 
7439 
7519 
7599 
7679 
8077 
8157 
8237 
8317 
8397 
8477 
8557 
8637 
8717 
8797 
8877 
8957 
9039 
9119 
9199 
9279 
9355 
9435 
9515 
9595 
8078 
8158 
8238 
8318 
8398 
8478 
8558 
8638 
8718 
8798 
8878 
8958 
9356 
9436 
9516 
9596 
8079 
8159 
8239 
8319 
8399 
8479 
8559 
8639 
8719 
8799 
8879 
8959 
9357 
9437 
9517 
9597 
7758 
7838 
7918 
7998 
9358 
9438 
9518 
9598 
7759 
7839 
7919 
7999 
9359 
9439 
9519 
9599 
4160 
4240 
4320 
4400 
5760 
5840 
5920 
6000 
4161 
4241 
4321 
4401 
5761 
5841 
5921 
6001 
3200 
3280 
3360 
3440 
3520 
3600 
3680 
3760 
3840 
3920 
4000 
4080 
4162 
4242 
4322 
4402 
4800 
4880 
4960 
5040 
5120 
5200 
5280 
5360 
5440 
5520 
5600 
5680 
5762 
5842 
5922 
6002 
4480 
4560 
4640 
4720 
6080 
6160 
6240 
6320 
4481 
4561 
4641 
4721 
5283 
6081 
6161 
6241 
6321 
4884 
5124 
5284 
6242 
6322 
6243 
6323 
6244 
6324 
3207 
6245 
6325 
6246 
6326 
4411 
6247 
6327 
6248 
6328 
5611 
5691 
6249 
6329 
5612 
5692 
6250 
6330 
5693 
6251 
6331 
6252 
6332 
4975 
5055 
6253 
6333 
6254 
6334 
4817 
6255 
6335 
4898 
6256 
6336 
4497 
5139 
6257 
6337 
3220 
3380 
3540 
3700 
3860 
4020 
6022 
6258 
6338 
3221 
3301 
3381 
3461 
3541 
3621 
3701 
3781 
3861 
3941 
4021 
4101 
6259 
6339 
3222 
3302 
3382 
3462 
3542 
3622 
3702 
3782 
3862 
3942 
4022 
4102 
6260 
6340 
3223 
3303 
3383 
3463 
3543 
3623 
3703 
3783 
3863 
3943 
4023 
4103 
6261 
6341 
3224 
3304 
3384 
3464 
3544 
3624 
3704 
3784 
3864 
3944 
4024 
4104 
4186 
4266 
4346 
4426 
4502 
4582 
4662 
4742 
4824 
4904 
4984 
5064 
5144 
5224 
5304 
5384 
5464 
5544 
5624 
5704 
5786 
5866 
5946 
6026 
6102 
6182 
6262 
6342 
4825 
4905 
4985 
5065 
5145 
5225 
5305 
5385 
5465 
5545 
5625 
5705 
6263 
6343 
4826 
4906 
4986 
5066 
5146 
5226 
5306 
5386 
5466 
5546 
5626 
5706 
6264 
6344 
4827 
4907 
4987 
5067 
5147 
5227 
5307 
5387 
5467 
5547 
5627 
5707 
6265 
6345 
6266 
6346 
4271 
6267 
6347 
6268 
6348 
3551 
4831 
6269 
6349 
4194 
4274 
4354 
4434 
6270 
6350 
3393 
3473 
4195 
4275 
4355 
4435 
6271 
6351 
4196 
4276 
4356 
4436 
6272 
6352 
4197 
4277 
4357 
4437 
6273 
6353 
3396 
4836 
4996 
5156 
5316 
5476 
5636 
6274 
6354 
4837 
4917 
4997 
5077 
5157 
5237 
5317 
5397 
5477 
5557 
5637 
5717 
5799 
5879 
5959 
6039 
6275 
6355 
4838 
4918 
4998 
5078 
5158 
5238 
5318 
5398 
5478 
5558 
5638 
5718 
6276 
6356 
3319 
3479 
3639 
3719 
3799 
3879 
3959 
4039 
4839 
4919 
4999 
5079 
5159 
5239 
5319 
5399 
5479 
5559 
5639 
5719 
6277 
6357 
4518 
4598 
4678 
4758 
4840 
4920 
5080 
6278 
6358 
4519 
4599 
4679 
4759 
6279 
6359 
4520 
4600 
4680 
4760 
6280 
6360 
4521 
4601 
4681 
4761 
6281 
6361 
6282 
6362 
6283 
6363 
5166 
6284 
6364 
6285 
6365 
3248 
3408 
3568 
3728 
3888 
4048 
6286 
6366 
3249 
3329 
3409 
3489 
3569 
3649 
3729 
3809 
3889 
3969 
4049 
4129 
6287 
6367 
3250 
3330 
3410 
3490 
3570 
3650 
3730 
3810 
3890 
3970 
4050 
4130 
6288 
6368 
3251 
3331 
3411 
3491 
3571 
3651 
3731 
3811 
3891 
3971 
4051 
4131 
6289 
6369 
3332 
3492 
3652 
3812 
3972 
4132 
6290 
6370 
6291 
6371 
4134 
4216 
4854 
5094 
6292 
6372 
6293 
6373 
6294 
6374 
5417 
6295 
6375 
3658 
4858 
6296 
6376 
6297 
6377 
5822 
5902 
5982 
6062 
6138 
6218 
6298 
6378 
5823 
5903 
5983 
6063 
6139 
6219 
6299 
6379 
4384 
5824 
5904 
5984 
6064 
6140 
6220 
6300 
6380 
4465 
5423 
5825 
5905 
5985 
6065 
6141 
6221 
6301 
6381 
6142 
6302 
6382 
6303 
6383 
6304 
6384 
5267 
6305 
6385 
6306 
6386 
6307 
6387 
6308 
6388 
6309 
6389 
6310 
6390 
5433 
6311 
6391 
4632 
6312 
6392 
6233 
6313 
6393 
4238 
4318 
4398 
4478 
5356 
5838 
5918 
5998 
6078 
6314 
6394 
4239 
4319 
4399 
4479 
5839 
5919 
5999 
6079 
6315 
6395 
6316 
6396 
4557 
6317 
6397 
4558 
4638 
4718 
4798 
6158 
6238 
6318 
6398 
4559 
4639 
4719 
4799 
6159 
6239 
6319 
6399 
10880 
10960 
11040 
11120 
12480 
12560 
12640 
12720 
10881 
10961 
11041 
11121 
12481 
12561 
12641 
12721 
9600 
9680 
9760 
9840 
9920 
10000 
10080 
10160 
10240 
10320 
10400 
10480 
10882 
10962 
11042 
11122 
11200 
11280 
11360 
11440 
11520 
11600 
11680 
11760 
11840 
11920 
12000 
12080 
12482 
12562 
12642 
12722 
12643 
12723 
10560 
10640 
10720 
10800 
12160 
12240 
12320 
12400 
12644 
12724 
10561 
10641 
10721 
10801 
10885 
11363 
12161 
12241 
12321 
12401 
12645 
12725 
12646 
12726 
11685 
12647 
12727 
9766 
10246 
10326 
10406 
10486 
12648 
12728 
12649 
12729 
12650 
12730 
12651 
12731 
11210 
11290 
11370 
11450 
11610 
11690 
11770 
12652 
12732 
11291 
11371 
11451 
11691 
11771 
11851 
11931 
12011 
12653 
12733 
12654 
12734 
12655 
12735 
12656 
12736 
12657 
12737 
12658 
12738 
12659 
12739 
12660 
12740 
12501 
12581 
12661 
12741 
9620 
9780 
9940 
10100 
10260 
10420 
12662 
12742 
9621 
9701 
9781 
9861 
9941 
10021 
10101 
10181 
10261 
10341 
10421 
10501 
11143 
12663 
12743 
9622 
9702 
9782 
9862 
9942 
10022 
10102 
10182 
10262 
10342 
10422 
10502 
12664 
12744 
9623 
9703 
9783 
9863 
9943 
10023 
10103 
10183 
10263 
10343 
10423 
10503 
12665 
12745 
9704 
9864 
10024 
10184 
10344 
10504 
11224 
11304 
11384 
11464 
11544 
11624 
11704 
11784 
11864 
11944 
12024 
12104 
12666 
12746 
11225 
11305 
11385 
11465 
11545 
11625 
11705 
11785 
11865 
11945 
12025 
12105 
12667 
12747 
11226 
11306 
11386 
11466 
11546 
11626 
11706 
11786 
11866 
11946 
12026 
12106 
12668 
12748 
11227 
11307 
11387 
11467 
11547 
11627 
11707 
11787 
11867 
11947 
12027 
12107 
12669 
12749 
12670 
12750 
12671 
12751 
12672 
12752 
12673 
12753 
12674 
12754 
12675 
12755 
12676 
12756 
12677 
12757 
10594 
10674 
10754 
10834 
10918 
10998 
11078 
11158 
11236 
11396 
11556 
11716 
11876 
12036 
12678 
12758 
10595 
10675 
10755 
10835 
10919 
10999 
11079 
11159 
11237 
11317 
11397 
11477 
11557 
11637 
11717 
11797 
11877 
11957 
12037 
12117 
12679 
12759 
10596 
10676 
10756 
10836 
10920 
11000 
11080 
11160 
11238 
11318 
11398 
11478 
11558 
11638 
11718 
11798 
11878 
11958 
12038 
12118 
12680 
12760 
9719 
9879 
10039 
10199 
10279 
10359 
10439 
10597 
10677 
10757 
10837 
10921 
11001 
11081 
11161 
11239 
11319 
11399 
11479 
11559 
11639 
11719 
11799 
11879 
11959 
12039 
12119 
12681 
12761 
10838 
11240 
11320 
11480 
11640 
11800 
12682 
12762 
12121 
12199 
12279 
12359 
12439 
12683 
12763 
12360 
12684 
12764 
12685 
12765 
10364 
12686 
12766 
12687 
12767 
12688 
12768 
12689 
12769 
9648 
9808 
9968 
10128 
10288 
10448 
12530 
12690 
12770 
9649 
9729 
9809 
9889 
9969 
10049 
10129 
10209 
10289 
10369 
10449 
10529 
12691 
12771 
9650 
9730 
9810 
9890 
9970 
10050 
10130 
10210 
10290 
10370 
10450 
10530 
12692 
12772 
9651 
9731 
9811 
9891 
9971 
10051 
10131 
10211 
10291 
10371 
10451 
10531 
12693 
12773 
9732 
9892 
10052 
10212 
10372 
10532 
12614 
12694 
12774 
12695 
12775 
9734 
12696 
12776 
12697 
12777 
12538 
12618 
12698 
12778 
12539 
12619 
12699 
12779 
10058 
11578 
12540 
12620 
12700 
12780 
12541 
12621 
12701 
12781 
12542 
12702 
12782 
12703 
12783 
12704 
12784 
12705 
12785 
12222 
12302 
12382 
12462 
12706 
12786 
12223 
12303 
12383 
12463 
12707 
12787 
12224 
12304 
12384 
12464 
12708 
12788 
12225 
12305 
12385 
12465 
12709 
12789 
12710 
12790 
11269 
12711 
12791 
12712 
12792 
12713 
12793 
12152 
12714 
12794 
10153 
12715 
12795 
12716 
12796 
10957 
12717 
12797 
10958 
11038 
11118 
11198 
12558 
12638 
12718 
12798 
10959 
11039 
11119 
11199 
12559 
12639 
12719 
12799 
10239 
10638 
10718 
10798 
10878 
12238 
12318 
12398 
12478 
10639 
10719 
10799 
10879 
12239 
12319 
12399 
12479 
